0.201810538768768	1.06370532512665	1.62745153903961
0.148722246289253	1.02185237407684	1.81000447273254
0.147365167737007	1.03633642196655	1.87562465667725
0.126407817006111	0.990241706371307	2.03232431411743
0.0778601840138435	0.872336387634277	2.18641781806946
0.0182950235903263	0.774836659431458	2.38092398643494
-0.0541263557970524	0.680946528911591	2.49904775619507
-0.103392273187637	0.594095587730408	2.54751420021057
-0.15385927259922	0.538086235523224	2.55598616600037
-0.16916786134243	0.532297849655151	2.53538846969604
-0.198869794607162	0.515180349349976	2.53980803489685
-0.184636011719704	0.523729741573334	2.54903984069824
-0.152277737855911	0.548602879047394	2.57155466079712
-0.156996637582779	0.567458510398865	2.58170366287231
-0.15066759288311	0.548524558544159	2.57004714012146
-0.226810187101364	0.493872374296188	2.57268047332764
-0.285338521003723	0.455844223499298	2.5130295753479
-0.344620823860168	0.398362129926682	2.31942462921143
-0.383685111999512	0.383775323629379	2.12748432159424
-0.41166290640831	0.362877607345581	2.04768252372742
0.106593675911427	1.10556256771088	2.10276436805725
0.0186153389513493	0.942515134811401	2.41591334342957
-0.058826569467783	0.77520489692688	2.65152907371521
-0.208844646811485	0.619954168796539	2.80661559104919
-0.332378268241882	0.509236454963684	2.78904032707214
-0.434418618679047	0.473733156919479	2.65741300582886
-0.495614945888519	0.434635609388351	2.5636715888977
-0.482825368642807	0.436579465866089	2.57870650291443
-0.448862195014954	0.458597004413605	2.63110280036926
-0.399315148591995	0.499677151441574	2.71258878707886
-0.394932925701141	0.517848908901215	2.780757188797
-0.408258438110352	0.486785173416138	2.7230749130249
-0.514915943145752	0.446684718132019	2.45620465278625
-0.610166072845459	0.47063559293747	1.62513828277588
-0.603929996490479	0.535946011543274	1.15533185005188
-0.573199987411499	0.602350413799286	0.76700633764267
-0.544863283634186	0.652363181114197	0.525769591331482
-0.568283557891846	0.704878687858582	0.337057173252106
-0.538553059101105	0.934208989143372	-0.155966758728027
-0.505755841732025	1.10155785083771	-0.496295839548111
-0.472370654344559	1.18579983711243	-0.699411511421204
-0.426601499319077	1.2717741727829	-0.823289394378662
-0.397589296102524	1.3744660615921	-0.909302890300751
-0.37998953461647	1.39366185665131	-0.94592297077179
-0.417864561080933	1.39689040184021	-0.925480544567108
-0.420010685920715	1.4329639673233	-0.925512075424194
-0.421405732631683	1.44240641593933	-0.938314557075501
-0.424460738897324	1.47455728054047	-0.945416331291199
-0.45479616522789	1.51092088222504	-0.988238573074341
-0.392601490020752	1.57585251331329	-1.05438816547394
-0.317061454057693	1.62792372703552	-1.07124316692352
-0.282558262348175	1.6940792798996	-1.07752203941345
-0.250619649887085	1.77089393138886	-1.04805624485016
-0.159599781036377	1.80170285701752	-0.932969033718109
-0.0816097259521484	1.88333582878113	-0.689057946205139
-0.0117160771042109	1.91259002685547	-0.209202378988266
0.0343248210847378	1.84242081642151	0.483330100774765
0.000476194079965353	1.66014242172241	1.28302443027496
-0.0599890276789665	1.45534157752991	2.06418347358704
-0.202886164188385	1.1501190662384	2.70441889762878
-0.343707352876663	0.939358115196228	2.97620940208435
-0.632302224636078	0.661945939064026	2.81215882301331
-0.700342655181885	0.623771786689758	2.56187129020691
-0.763413369655609	0.626614511013031	2.31545233726501
-0.796830654144287	0.656964123249054	2.13874101638794
-0.8189697265625	0.659609317779541	2.09420919418335
-0.791021108627319	0.664664804935455	2.13556504249573
-0.787482857704163	0.68014931678772	2.222327709198
-0.773274183273315	0.685715734958649	2.3199999332428
-0.75606906414032	0.692561984062195	2.38899064064026
-0.776437938213348	0.659230589866638	2.32311511039734
-0.771260797977448	0.666200757026672	2.16308569908142
-0.817727267742157	0.689664304256439	1.86868131160736
-0.860836982727051	0.729122996330261	1.52270007133484
-0.859947443008423	0.763595342636108	1.18592500686646
-0.851891338825226	0.789125263690949	1.00856328010559
-0.836672246456146	0.819291472434998	0.919249475002289
-0.835798442363739	0.843272686004639	0.904849648475647
-0.853263139724731	0.873455047607422	0.912746250629425
-0.877204656600952	0.847990393638611	0.932596027851105
-0.853800773620606	0.827979922294617	0.972852647304535
-0.853776812553406	0.841044783592224	1.04268717765808
-0.843912959098816	0.807043552398682	1.09509229660034
-0.870890736579895	0.826176226139069	0.980854392051697
-0.873632490634918	0.878801643848419	0.832458019256592
-0.852575719356537	0.967895686626434	0.570043742656708
-0.825515568256378	1.04196000099182	0.325925648212433
-0.809151470661163	1.09652233123779	0.103817567229271
-0.767811298370361	1.19106924533844	-0.116855166852474
-0.734203457832336	1.28611552715302	-0.364238053560257
-0.682637751102448	1.39871740341187	-0.568382382392883
-0.629306375980377	1.49900281429291	-0.706960320472717
-0.600706696510315	1.58450937271118	-0.82283753156662
-0.530527353286743	1.68104004859924	-0.902349591255188
-0.48880723118782	1.74421954154968	-0.926096677780151
-0.471587479114533	1.79262387752533	-0.931433141231537
-0.461187154054642	1.83732402324677	-0.919295966625214
-0.364011228084564	1.90402436256409	-0.873119294643402
-0.309820711612701	1.98457372188568	-0.723560631275177
-0.235368356108665	2.05401492118835	-0.372454226016998
-0.155297622084618	2.00246858596802	0.205612406134605
-0.144142135977745	1.82941520214081	1.12137627601624
-0.195775106549263	1.60119307041168	1.99060773849487
-0.313017666339874	1.30664849281311	2.62380075454712
-0.424744129180908	1.11309862136841	2.8740861415863
-0.535168409347534	0.948061585426331	2.95589733123779
-0.618565917015076	0.847214341163635	2.94623994827271
-0.640769243240356	0.809946000576019	2.890456199646
-0.651373028755188	0.793325126171112	2.85112142562866
-0.663598001003265	0.80990606546402	2.86165857315063
-0.686354279518127	0.812542200088501	2.82856822013855
-0.671960949897766	0.823871195316315	2.80355048179626
-0.71881890296936	0.815955340862274	2.7203733921051
-0.75923502445221	0.774500072002411	2.61132836341858
-0.765499174594879	0.731713354587555	2.37933111190796
-0.822394609451294	0.676941752433777	2.13852882385254
-0.830422699451447	0.68381267786026	1.82798421382904
-0.831803619861603	0.710535049438477	1.45712375640869
-0.799832880496979	0.746509373188019	0.994688332080841
-0.770680963993073	0.788819193840027	0.662160038948059
-0.735505700111389	0.814145743846893	0.519085228443146
-0.75714910030365	0.819062292575836	0.575783610343933
-0.73923271894455	0.754736065864563	0.794771313667297
-0.754485189914703	0.67056542634964	1.08539855480194
-0.756000697612762	0.604913830757141	1.21409285068512
-0.728232800960541	0.642369091510773	1.13837921619415
-0.706344366073608	0.714399456977844	0.79469245672226
-0.708859860897064	0.854669511318207	0.347857266664505
-0.69262433052063	0.961794018745422	-0.0427464693784714
-0.651250898838043	1.08720123767853	-0.326295882463455
-0.575915932655335	1.24141538143158	-0.593131601810455
-0.525578141212463	1.34453511238098	-0.735848128795624
-0.496656447649002	1.46070110797882	-0.86327075958252
-0.479393482208252	1.5400687456131	-0.960010051727295
-0.426086068153381	1.66925990581512	-0.988877356052399
-0.347070217132568	1.77837252616882	-0.991866767406464
-0.256803184747696	1.90771663188934	-0.858582675457001
-0.117448411881924	1.95531129837036	-0.556311011314392
-0.0615968815982342	1.91049313545227	-0.0169820096343756
-0.0199007708579302	1.86587119102478	0.67139208316803
-0.0297792106866837	1.69846260547638	1.43416130542755
-0.0847102329134941	1.46710324287415	2.11387944221497
-0.188181310892105	1.20969712734222	2.59219670295715
-0.288315147161484	1.04080629348755	2.85463738441467
-0.358216375112534	0.917534530162811	2.9584858417511
-0.403485804796219	0.827864229679108	2.99249839782715
-0.40832507610321	0.794770061969757	3.00570750236511
-0.375152617692947	0.801036536693573	3.00543355941772
-0.331264913082123	0.821559190750122	2.96034908294678
-0.307456612586975	0.834986388683319	2.95624136924744
-0.33830052614212	0.776601612567902	2.97086262702942
-0.403992533683777	0.640226483345032	2.95474338531494
-0.445367127656937	0.552363216876984	2.80171322822571
-0.527549564838409	0.437954157590866	2.47399187088013
-0.565152645111084	0.428222984075546	2.02380657196045
-0.592050969600678	0.427193164825439	1.59158790111542
-0.579659402370453	0.455668926239014	1.27422261238098
-0.557473480701447	0.493553191423416	1.16028034687042
-0.553442537784576	0.486208945512772	1.29132080078125
-0.564204096794128	0.436875224113464	1.46035397052765
-0.543579936027527	0.395015507936478	1.68910157680511
-0.519527912139893	0.384067595005035	1.79204547405243
-0.484411060810089	0.398695260286331	1.66185140609741
-0.477079004049301	0.426065146923065	1.35472977161407
-0.481647104024887	0.483804494142532	0.924007415771484
-0.461288869380951	0.560028970241547	0.547577917575836
-0.409128695726395	0.670478999614716	0.19365505874157
-0.342668145895004	0.739795207977295	-0.0410252436995506
-0.304541289806366	0.874616920948029	-0.303053289651871
-0.26388555765152	1.01338601112366	-0.58804452419281
-0.21492825448513	1.12337672710419	-0.769226849079132
-0.106967404484749	1.27016806602478	-0.926434516906738
-0.0414267554879189	1.41065537929535	-0.940274834632874
0.0305527877062559	1.53447437286377	-0.857390522956848
0.0822167098522186	1.609738945961	-0.683437287807465
0.158635169267654	1.65781402587891	-0.34518364071846
0.179449319839478	1.66430604457855	0.137240096926689
0.198220789432526	1.54208159446716	0.884123802185059
0.141700655221939	1.31975066661835	1.66800391674042
0.0536655485630035	1.0046671628952	2.40391755104065
-0.116267189383507	0.736474215984345	2.77010798454285
-0.262406915426254	0.54826158285141	2.77679586410522
-0.32552844285965	0.453585892915726	2.61062836647034
-0.364360183477402	0.340661317110062	2.35344982147217
-0.370635420084	0.351983368396759	2.25959014892578
-0.355077832937241	0.380303591489792	2.30718684196472
-0.313479334115982	0.401615142822266	2.44477534294128
-0.32257929444313	0.411043584346771	2.54646253585815
-0.302273631095886	0.415365010499954	2.53258371353149
-0.344248563051224	0.388698726892471	2.40787124633789
-0.41506963968277	0.364060521125793	2.13770413398743
-0.457101792097092	0.360743165016174	1.81893336772919
-0.500269591808319	0.418099105358124	1.31314480304718
-0.468628406524658	0.510233581066132	0.794884145259857
-0.391558200120926	0.627543807029724	0.395462185144424
-0.345745861530304	0.679366230964661	0.139072939753532
-0.332547128200531	0.735217750072479	-0.0258300472050905
-0.282427906990051	0.798421680927277	-0.17693817615509
-0.233620211482048	0.861605823040009	-0.303733587265015
-0.18552727997303	0.94226610660553	-0.464790910482407
-0.127143323421478	1.04766881465912	-0.617906630039215
-0.0806897729635239	1.1776807308197	-0.774793803691864
0.0169490054249764	1.28851759433746	-0.785862147808075
0.0690483897924423	1.32017278671265	-0.713025808334351
0.132011577486992	1.35785710811615	-0.622220516204834
0.211704730987549	1.40361523628235	-0.426748812198639
0.241185143589973	1.39552855491638	-0.0887581780552864
0.286688923835754	1.3757541179657	0.304092228412628
0.289570868015289	1.26172149181366	0.856350004673004
0.274821043014526	1.17581033706665	1.25250136852264
0.217271059751511	1.02670335769653	1.69242179393768
0.158752635121346	0.875215351581574	2.06821894645691
0.0739121958613396	0.688247561454773	2.3213996887207
-0.0375062674283981	0.556524574756622	2.41311550140381
-0.11531163752079	0.455350995063782	2.41316056251526
-0.122733622789383	0.449065744876862	2.41641235351562
-0.120674014091492	0.483455061912537	2.45325779914856
-0.0662029385566711	0.559070467948914	2.49014711380005
0.0126188015565276	0.690913796424866	2.46568536758423
0.0508175194263458	0.799815058708191	2.37205243110657
0.104099228978157	0.922730267047882	2.23766803741455
0.0962552800774574	0.96972393989563	2.2464394569397
0.070096880197525	0.926738560199738	2.35489702224731
0.0494972616434097	0.831581234931946	2.4461612701416
-0.0232952684164047	0.735113799571991	2.54577255249023
-0.0452221892774105	0.698878645896912	2.56841468811035
-0.0310118217021227	0.655685245990753	2.52222442626953
-0.0111322021111846	0.591181516647339	2.39453339576721
0.00652060797438026	0.532198429107666	2.24553990364075
0.0236118026077747	0.523920238018036	2.07926297187805
0.0521746203303337	0.527029514312744	1.91378831863403
0.0760185644030571	0.548994481563568	1.7584627866745
0.11589877307415	0.563488900661469	1.59665083885193
0.110283330082893	0.579346358776093	1.34442591667175
0.0876661539077759	0.581263363361359	1.14018046855927
0.0724539905786514	0.593374311923981	0.956915140151978
0.0682155564427376	0.592794597148895	0.81022721529007
0.0108841843903065	0.576180875301361	0.704792976379395
0.0443680882453918	0.630696356296539	0.617314279079437
0.0399934612214565	0.634950041770935	0.608961284160614
0.0338876657187939	0.626010179519653	0.59076315164566
0.0224920064210892	0.603720426559448	0.657033145427704
0.0227053239941597	0.575743734836578	0.655704736709595
-0.0039317337796092	0.59169352054596	0.679808735847473
-0.02645193785429	0.591658413410187	0.645290374755859
-0.0307178366929293	0.589432835578918	0.585611820220947
-0.0604659467935562	0.560382008552551	0.57581752538681
-0.0655448362231255	0.564522266387939	0.608861982822418
-0.105994269251823	0.557321786880493	0.603802382946014
-0.129594549536705	0.557270348072052	0.589306175708771
-0.169353142380714	0.56365841627121	0.500009834766388
-0.237398102879524	0.570129454135895	0.426404893398285
-0.291020601987839	0.603771805763245	0.366228401660919
-0.312668174505234	0.616814434528351	0.385812848806381
-0.369523763656616	0.602266252040863	0.438660889863968
-0.376126348972321	0.557007372379303	0.526171743869782
-0.346697360277176	0.536369144916534	0.65312784910202
-0.38579198718071	0.46973317861557	0.857890069484711
-0.341936379671097	0.424010217189789	1.08405244350433
-0.330018848180771	0.416169226169586	1.23894262313843
-0.340894937515259	0.38823002576828	1.38650476932526
-0.354004830121994	0.369823217391968	1.50847041606903
-0.383178949356079	0.374933689832687	1.61974632740021
-0.38787853717804	0.36539888381958	1.74553120136261
-0.404594451189041	0.347142904996872	1.87766206264496
-0.425679832696915	0.356903314590454	2.05982398986816
-0.432448416948319	0.38344332575798	2.18414711952209
-0.473546534776688	0.403699308633804	2.33019685745239
-0.510882019996643	0.422469645738602	2.46465229988098
-0.508412718772888	0.469929546117783	2.56418108940125
-0.554332077503204	0.52920138835907	2.67181396484375
-0.627854645252228	0.579719185829163	2.65108609199524
-0.699520826339722	0.627590596675873	2.59889769554138
-0.795179545879364	0.684868216514587	2.50081825256348
-0.833434998989105	0.779127836227417	2.3996946811676
-0.869942247867584	0.882671892642975	2.28418445587158
-0.90844076871872	0.983613908290863	2.18019509315491
-0.941742956638336	1.08412134647369	2.12158489227295
-0.965097784996033	1.16430962085724	2.01405835151672
-0.979430258274078	1.25060176849365	1.93029856681824
-0.97482818365097	1.34273719787598	1.79991924762726
-0.963099420070648	1.42767822742462	1.71484792232513
-0.993164360523224	1.45900499820709	1.58788239955902
-0.975022852420807	1.53869426250458	1.38983333110809
-0.951221585273743	1.57927739620209	1.242995262146
-0.940779268741608	1.6671816110611	1.09379589557648
-0.93373829126358	1.69393086433411	0.962120890617371
-0.889236807823181	1.77217042446136	0.785565614700317
-0.859200000762939	1.82416462898254	0.708254754543304
-0.82267689704895	1.88232696056366	0.673379778862
-0.810347318649292	1.88837838172913	0.664175808429718
-0.815765202045441	1.8889125585556	0.594560980796814
-0.814529061317444	1.90528655052185	0.46892449259758
-0.82405149936676	1.89958584308624	0.341064780950546
-0.826855719089508	1.86137890815735	0.265763163566589
-0.836464703083038	1.83788168430328	0.272044897079468
-0.860847592353821	1.80582666397095	0.279106289148331
-0.845962643623352	1.80656778812408	0.228432387113571
-0.858344912528992	1.79804646968842	0.184877157211304
-0.82530814409256	1.81675720214844	0.060477364808321
-0.846375823020935	1.78608977794647	0.00461064698174596
-0.817717254161835	1.79948770999908	-0.0610708370804787
-0.801614999771118	1.80415630340576	-0.110395193099976
-0.797964453697205	1.82272791862488	-0.142029315233231
-0.787204682826996	1.81157648563385	-0.159644782543182
-0.805828869342804	1.77796339988709	-0.172835916280746
-0.792428493499756	1.78938019275665	-0.207787409424782
-0.776895582675934	1.77819859981537	-0.285546511411667
-0.74954891204834	1.76513946056366	-0.382436722517014
-0.771546542644501	1.74258422851563	-0.458255529403687
-0.707773983478546	1.74335098266602	-0.482874423265457
-0.701205313205719	1.73131227493286	-0.563029944896698
-0.673137485980988	1.73544323444366	-0.635776817798615
-0.605409741401672	1.76291251182556	-0.73486453294754
-0.592429101467133	1.76115572452545	-0.80397379398346
-0.497024059295654	1.81640994548798	-0.881747603416443
-0.409368246793747	1.83194243907928	-0.913335740566254
-0.327423214912415	1.83319187164307	-0.964547216892242
-0.255869776010513	1.77894055843353	-0.987919390201569
-0.186826542019844	1.71004414558411	-0.976877868175507
-0.129097759723663	1.63387703895569	-1.00231909751892
-0.0793846845626831	1.49391329288483	-0.950090050697327
-0.0835389867424965	1.37791895866394	-0.858149826526642
-0.087846964597702	1.22324466705322	-0.748936355113983
-0.0645226314663887	1.16044044494629	-0.660017073154449
-0.0458090119063854	1.06043124198914	-0.529358923435211
-0.0314799733459949	1.0087023973465	-0.427191823720932
0.0234341360628605	0.974874198436737	-0.334275931119919
0.0531962402164936	0.907642066478729	-0.218565866351128
0.094804659485817	0.884926736354828	-0.060839369893074
0.0975574553012848	0.820163428783417	0.128964826464653
0.105739794671536	0.771323978900909	0.25710391998291
0.108858436346054	0.750490725040436	0.448145419359207
0.0995480939745903	0.659620940685272	0.664333045482636
0.123947270214558	0.615041255950928	0.854391515254974
0.0813721716403961	0.559153437614441	1.08353412151337
0.0675223618745804	0.511110246181488	1.30834245681763
0.0237041488289833	0.466004401445389	1.52039098739624
0.0150600597262383	0.456307113170624	1.74763989448547
-0.0167289283126593	0.445125371217728	1.98176908493042
-0.0772496834397316	0.435562551021576	2.18168711662292
-0.156550675630569	0.399173349142075	2.3355917930603
-0.226569980382919	0.396974623203278	2.47748494148254
-0.279058545827866	0.441847741603851	2.60975217819214
-0.367245614528656	0.480621516704559	2.73243641853333
-0.434257835149765	0.550372660160065	2.82397961616516
-0.469953984022141	0.608051180839539	2.85693693161011
-0.514984369277954	0.694184422492981	2.89025545120239
-0.545820116996765	0.772921979427338	2.92288517951965
-0.567917704582214	0.855290174484253	2.9308135509491
-0.610282421112061	0.922844767570496	2.90701913833618
-0.642984330654144	1.02727031707764	2.86119985580444
-0.649757564067841	1.12375891208649	2.79555988311768
-0.686074912548065	1.16856908798218	2.71307182312012
-0.723713159561157	1.21870803833008	2.64917135238647
-0.715797305107117	1.25719797611237	2.57303047180176
-0.731496870517731	1.33688580989838	2.49364399909973
-0.743503332138062	1.41652679443359	2.37413597106934
-0.75871080160141	1.49107849597931	2.23484206199646
-0.763412714004517	1.52916955947876	2.08232259750366
-0.764290511608124	1.60157418251038	1.96228039264679
-0.755102932453156	1.66281688213348	1.83749437332153
-0.76005095243454	1.70347607135773	1.71492850780487
-0.74536657333374	1.73641109466553	1.60423719882965
-0.740219831466675	1.78175067901611	1.51537346839905
-0.702648222446442	1.82542455196381	1.42059898376465
-0.672234416007996	1.84409558773041	1.34482455253601
-0.637420952320099	1.88248133659363	1.27873516082764
-0.651731252670288	1.87938249111176	1.23668253421783
-0.624816596508026	1.91949927806854	1.17383790016174
-0.591481745243073	1.93265998363495	1.10649490356445
-0.582544267177582	1.96046710014343	1.02321255207062
-0.576756954193115	1.99244403839111	0.937220811843872
-0.536842346191406	1.98142826557159	0.83113020658493
-0.505464673042297	2.02829885482788	0.678179860115051
-0.460084289312363	2.04503750801086	0.553164124488831
-0.426414459943771	2.07208967208862	0.323157101869583
-0.408299326896668	2.05179166793823	0.151169955730438
-0.372743546962738	2.07434701919556	0.0323330126702785
-0.327552407979965	2.0670120716095	-0.0626284331083298
-0.281605571508408	2.05135679244995	-0.077725425362587
-0.235378816723824	2.0463011264801	-0.0814676880836487
-0.189989015460014	1.99041712284088	-0.0136576211079955
-0.126708492636681	1.99632000923157	0.0216310936957598
-0.102884970605373	1.96849775314331	0.00627280212938786
-0.0562812462449074	1.9532630443573	-0.134369492530823
-0.0434612594544888	1.89585220813751	-0.280272424221039
-0.0134653449058533	1.87357544898987	-0.444294661283493
-0.0067844414152205	1.82049417495728	-0.594183087348938
0.0292710531502962	1.75109386444092	-0.705557107925415
0.0195440165698528	1.71843922138214	-0.743447780609131
0.0321395508944988	1.633868932724	-0.742329776287079
0.0619864277541637	1.6122077703476	-0.706671059131622
0.111335344612598	1.5748997926712	-0.676215827465057
0.125347629189491	1.4511593580246	-0.545228064060211
0.160193338990212	1.42124223709106	-0.508363664150238
0.186801746487618	1.37175762653351	-0.466728359460831
0.190517127513886	1.34743511676788	-0.424034029245377
0.206996366381645	1.29563629627228	-0.333385229110718
0.211505442857742	1.24704945087433	-0.222176656126976
0.237210288643837	1.21740484237671	-0.129227474331856
0.280132532119751	1.19337201118469	0.00561765860766172
0.282343506813049	1.1353896856308	0.169750332832336
0.285376846790314	1.08667767047882	0.336657971143723
0.308150082826614	1.01285874843597	0.532617092132568
0.302300870418549	0.960616886615753	0.698561012744904
0.306476205587387	0.953172147274017	0.855266928672791
0.28557500243187	0.919113695621491	0.997654438018799
0.277195066213608	0.913843214511871	1.10221493244171
0.28371000289917	0.930401802062988	1.21734821796417
0.269957780838013	0.953132450580597	1.39053177833557
0.248504847288132	0.925751805305481	1.53577363491058
0.215422421693802	0.921545088291168	1.70148098468781
0.188234224915504	0.861364960670471	1.79151594638824
0.180447548627853	0.864024341106415	1.90457320213318
0.163718178868294	0.859243452548981	1.99386489391327
0.124025009572506	0.870159924030304	2.12419080734253
0.0773663073778152	0.840131938457489	2.25930666923523
0.0551278628408909	0.864892840385437	2.36159825325012
0.00718221068382263	0.832376182079315	2.46683740615845
-0.0290316678583622	0.800655543804169	2.55151295661926
-0.0659323185682297	0.770364463329315	2.61910271644592
-0.125816583633423	0.734579503536224	2.69500637054443
-0.153475880622864	0.755760192871094	2.76050305366516
-0.189461246132851	0.764058232307434	2.82504415512085
-0.232214048504829	0.788814544677734	2.85563349723816
-0.23432332277298	0.842170417308807	2.86409044265747
-0.242001295089722	0.882480204105377	2.87715840339661
-0.245275974273682	0.952070951461792	2.83283948898315
-0.257723659276962	1.00197756290436	2.83897995948792
-0.25238174200058	1.01234567165375	2.84152245521545
-0.273453027009964	0.972111999988556	2.85272669792175
-0.337372988462448	0.923201322555542	2.93316411972046
-0.378413319587708	0.862604022026062	2.96970295906067
-0.459257900714874	0.822898745536804	2.95825290679932
-0.552895426750183	0.815812766551971	2.95017504692078
-0.58100426197052	0.846655428409576	2.92865562438965
-0.621759951114655	0.882242918014526	2.88208389282227
-0.632737755775452	0.968175172805786	2.84950137138367
-0.682128667831421	1.02955329418182	2.79328203201294
-0.694033443927765	1.08358252048492	2.75659132003784
-0.718316316604614	1.16509389877319	2.66479539871216
-0.710331499576569	1.24082267284393	2.60276889801025
-0.721205174922943	1.27882027626038	2.56466197967529
-0.753320395946503	1.29139423370361	2.49634957313538
-0.791790246963501	1.29348182678223	2.47261238098145
-0.820650041103363	1.32997059822083	2.37409114837646
-0.866525530815125	1.33955681324005	2.22518873214722
-0.893498122692108	1.40559637546539	2.03089809417725
-0.922465860843658	1.43303060531616	1.8596785068512
-0.890131533145905	1.53309857845306	1.71503102779388
-0.905942320823669	1.59961748123169	1.59576618671417
-0.880534946918488	1.62510442733765	1.54874336719513
-0.913548946380615	1.63385844230652	1.44483435153961
-0.928698480129242	1.604412317276	1.33446621894836
-0.92362368106842	1.65252804756165	1.21564388275146
-0.934309959411621	1.65627312660217	1.0706912279129
-0.934806644916534	1.66624295711517	0.899527132511139
-0.935438394546509	1.67096412181854	0.708422422409058
-0.928667008876801	1.69266843795776	0.502615332603455
-0.904273509979248	1.7092924118042	0.343003958463669
-0.885081291198731	1.72902607917786	0.135150671005249
-0.821894288063049	1.74644732475281	-0.0663589760661125
-0.770302295684814	1.8056617975235	-0.240346133708954
-0.686420977115631	1.85251045227051	-0.405932903289795
-0.66260027885437	1.84371781349182	-0.526907742023468
-0.616358935832977	1.81510555744171	-0.646086037158966
-0.607748806476593	1.74436092376709	-0.7275430560112
-0.577772796154022	1.67774844169617	-0.785849392414093
-0.563218653202057	1.61450123786926	-0.816290497779846
-0.537237346172333	1.54391920566559	-0.824460685253143
-0.538147389888763	1.46397745609283	-0.80413681268692
-0.528263092041016	1.34737432003021	-0.745707273483276
-0.49866583943367	1.25360000133514	-0.654132187366486
-0.526690900325775	1.14259135723114	-0.492544800043106
-0.536654710769653	1.03988170623779	-0.307655870914459
-0.561551809310913	0.881705224514008	-0.0390743240714073
-0.586181879043579	0.774040758609772	0.253544002771378
-0.554899573326111	0.702511727809906	0.430522948503494
-0.524876832962036	0.74154394865036	0.254851430654526
-0.487721353769302	0.781610369682312	0.0588479116559029
-0.50927072763443	0.849893450737	-0.0972163751721382
-0.474586337804794	0.979519426822662	-0.346214056015015
-0.431024104356766	1.11535000801086	-0.597110629081726
-0.382276505231857	1.21875357627869	-0.795371770858765
-0.311364233493805	1.30480265617371	-0.933356702327728
-0.207607939839363	1.39690804481506	-1.00884294509888
-0.10573772341013	1.42623567581177	-1.00839865207672
-0.0217055585235357	1.39624631404877	-0.922674000263214
0.0554277040064335	1.36388862133026	-0.819476425647736
0.0641021430492401	1.26578342914581	-0.70258104801178
0.102821603417397	1.20342004299164	-0.588768661022186
0.120005130767822	1.10760462284088	-0.490853399038315
0.0707988366484642	1.01921200752258	-0.385333895683289
0.0741816535592079	0.958675444126129	-0.268316894769669
0.0494540110230446	0.847511172294617	-0.111174277961254
0.0562120229005814	0.769127786159515	0.104153029620647
0.0544539913535118	0.692466080188751	0.334166467189789
0.0539034493267536	0.619629204273224	0.594055414199829
0.037392619997263	0.522374927997589	0.837730467319489
0.0290466267615557	0.53027206659317	0.983599543571472
0.0316942185163498	0.504698753356934	1.01922142505646
0.0319338217377663	0.488449841737747	1.08915889263153
0.0228526052087545	0.487180352210999	1.2022967338562
-0.0397715717554092	0.429957628250122	1.35258722305298
-0.0673175007104874	0.418840140104294	1.50805771350861
-0.0900135785341263	0.402241706848145	1.63620555400848
-0.142201766371727	0.375112593173981	1.78585207462311
-0.215246766805649	0.355791658163071	1.91798055171967
-0.249456584453583	0.351875841617584	2.0195620059967
-0.31579202413559	0.354979306459427	2.11560821533203
-0.367982000112534	0.378768920898437	2.180908203125
-0.413015246391296	0.39567244052887	2.20593786239624
-0.491475224494934	0.381000339984894	2.23563170433044
-0.523606836795807	0.4239202439785	2.24707245826721
-0.588915407657623	0.484233498573303	2.34569716453552
-0.632567048072815	0.505169868469238	2.34069013595581
-0.66431337594986	0.542643845081329	2.37923145294189
-0.706100583076477	0.588810980319977	2.36832714080811
-0.738261818885803	0.610436856746674	2.37557315826416
-0.783061504364014	0.670136392116547	2.34907984733582
-0.837093651294708	0.711693406105042	2.31599235534668
-0.853198766708374	0.791169822216034	2.30080890655518
-0.876884877681732	0.867033123970032	2.28887486457825
-0.896728932857513	0.940074443817139	2.2653477191925
-0.917984306812286	1.03191912174225	2.218998670578
-0.970722377300262	1.0950973033905	2.08164525032043
-0.942243278026581	1.19376945495605	2.00993680953979
-0.979199349880219	1.28928327560425	1.91159546375275
-0.961724817752838	1.34746313095093	1.77784490585327
-0.998012900352478	1.38713002204895	1.64403021335602
-1.01416718959808	1.45271730422974	1.41924369335175
-0.997747540473938	1.53700840473175	1.07863807678223
-0.96924501657486	1.624467253685	0.79303377866745
-0.920584499835968	1.70678162574768	0.534956037998199
-0.897209882736206	1.76134753227234	0.211229577660561
-0.81340628862381	1.82588744163513	-0.057112343609333
-0.759397506713867	1.86497700214386	-0.225438475608826
-0.706914246082306	1.86145603656769	-0.374980807304382
-0.70524263381958	1.81107616424561	-0.463297575712204
-0.688056826591492	1.78119778633118	-0.551051557064056
-0.678625464439392	1.70882034301758	-0.561231017112732
-0.688301146030426	1.64674663543701	-0.567632496356964
-0.699149191379547	1.56078994274139	-0.582439661026001
-0.72187614440918	1.47002303600311	-0.569529056549072
-0.676065027713776	1.44366765022278	-0.570315182209015
-0.651967406272888	1.39723062515259	-0.598451375961304
-0.619043946266174	1.38096523284912	-0.625724256038666
-0.577377080917358	1.32697820663452	-0.660423874855042
-0.546109437942505	1.30430960655212	-0.734654664993286
-0.506582856178284	1.31561040878296	-0.745253205299377
-0.483711451292038	1.29703176021576	-0.724942803382874
-0.482570618391037	1.26228022575378	-0.707750558853149
-0.459188878536224	1.17828619480133	-0.652981996536255
-0.452326238155365	1.14567959308624	-0.574758172035217
-0.461714327335358	1.07250106334686	-0.461325645446777
-0.483172565698624	0.977228283882141	-0.325803726911545
-0.517931759357452	0.846263885498047	-0.0739446058869362
-0.513772189617157	0.765372097492218	0.13581870496273
-0.511606812477112	0.67776358127594	0.389922738075256
-0.510949850082397	0.608751356601715	0.679687201976776
-0.521299362182617	0.52702134847641	0.961499631404877
-0.510086119174957	0.430807441473007	1.25511503219605
-0.480506271123886	0.421590596437454	1.53605484962463
-0.465305775403976	0.393021374940872	1.85060012340546
-0.429875582456589	0.379675924777985	2.08419394493103
-0.394038707017899	0.398431062698364	2.27485489845276
-0.374032825231552	0.412932485342026	2.39644575119019
-0.37860506772995	0.43035039305687	2.43369197845459
-0.410930544137955	0.430885761976242	2.38255167007446
-0.449882030487061	0.422678858041763	2.26617240905762
-0.504350244998932	0.395307689905167	2.14779877662659
-0.537510991096497	0.405499398708344	2.01679301261902
-0.552752315998077	0.422753661870956	1.88485431671143
-0.571267247200012	0.453228265047073	1.8271951675415
-0.577560603618622	0.457555532455444	1.82606995105743
-0.616788506507874	0.446156322956085	1.85947382450104
-0.628767549991608	0.481154590845108	1.92982983589172
-0.63248872756958	0.49724805355072	1.95277547836304
-0.653267800807953	0.510509431362152	1.89957618713379
-0.678637683391571	0.53090101480484	1.78239965438843
-0.700307488441467	0.547234117984772	1.62939548492432
-0.699267745018005	0.587675988674164	1.48085558414459
-0.70790708065033	0.577463209629059	1.48275792598724
-0.729719042778015	0.590400695800781	1.53372871875763
-0.725602209568024	0.574415922164917	1.47510623931885
-0.723954498767853	0.597071588039398	1.44783616065979
-0.7298943400383	0.625577747821808	1.38527035713196
-0.72287505865097	0.614780604839325	1.32362878322601
-0.720564186573029	0.605249285697937	1.34779536724091
-0.744529604911804	0.587705194950104	1.38758313655853
-0.713811933994293	0.58591091632843	1.44166207313538
-0.70293402671814	0.58391672372818	1.46821904182434
-0.69801938533783	0.579671323299408	1.46656084060669
-0.731092989444733	0.566822648048401	1.44403553009033
-0.69600647687912	0.575690031051636	1.43367087841034
-0.696139752864838	0.563652575016022	1.44941306114197
-0.663799643516541	0.560545682907105	1.4748899936676
-0.661850512027741	0.543088018894196	1.48626935482025
-0.595763385295868	0.476615726947784	1.60584604740143
-0.564233899116516	0.457552015781403	1.63570475578308
-0.533160865306854	0.429017871618271	1.71268963813782
-0.507872104644775	0.416751354932785	1.79418230056763
-0.448173046112061	0.397191971540451	1.92388367652893
-0.401943385601044	0.373106718063354	2.0257580280304
-0.369119375944138	0.378957092761993	2.14530849456787
-0.351454257965088	0.360710442066193	2.14876556396484
-0.32126784324646	0.371251612901688	2.11439561843872
-0.29350158572197	0.371366202831268	2.05166339874268
-0.261738866567612	0.368661314249039	1.97447741031647
-0.256337344646454	0.33551698923111	1.85452771186829
-0.206473529338837	0.362508207559586	1.77631199359894
-0.18007142841816	0.360132992267609	1.68513298034668
-0.168644726276398	0.370490700006485	1.60321891307831
-0.12423212826252	0.38814115524292	1.60803782939911
-0.123250238597393	0.356061637401581	1.62522780895233
-0.0817943885922432	0.393829047679901	1.63439655303955
-0.0424051433801651	0.401218891143799	1.60242664813995
-0.0355828180909157	0.409037709236145	1.55213248729706
-0.0308458041399717	0.418162196874619	1.53902161121368
-0.0265553370118141	0.396933674812317	1.4547381401062
-7.08419320289977E-05	0.418322324752808	1.42051291465759
-0.0255120880901813	0.423797458410263	1.37756323814392
-0.0468902587890625	0.420899778604507	1.38150715827942
-0.0735845640301704	0.392924338579178	1.39865326881409
-0.068782702088356	0.403284341096878	1.41120684146881
-0.0444939583539963	0.395117193460464	1.47847163677216
-0.0665009990334511	0.398896306753159	1.48670017719269
-0.0584086664021015	0.41311252117157	1.49051475524902
-0.0838610231876373	0.386595875024796	1.45482099056244
-0.0664606839418411	0.381615161895752	1.47678136825562
-0.0838399901986122	0.395546227693558	1.5574756860733
-0.061122290790081	0.403402388095856	1.63616764545441
-0.112217523157597	0.380506992340088	1.70444583892822
-0.166800245642662	0.351386100053787	1.70303785800934
-0.180505126714706	0.354982763528824	1.64238739013672
-0.193675175309181	0.355810344219208	1.60311448574066
-0.191244423389435	0.37179172039032	1.5686993598938
-0.247115850448608	0.346971094608307	1.50173223018646
-0.243831798434257	0.360290795564651	1.45444810390472
-0.23281367123127	0.366322427988052	1.46955692768097
-0.25211700797081	0.356564342975616	1.49909508228302
-0.277821272611618	0.368516445159912	1.51033127307892
-0.305326849222183	0.363262176513672	1.51744639873505
-0.317845225334167	0.382718652486801	1.47378957271576
-0.333527863025665	0.370238184928894	1.46749889850616
-0.360378861427307	0.387727439403534	1.43741011619568
-0.398059695959091	0.391369700431824	1.34088826179504
-0.389730662107468	0.408366799354553	1.3090238571167
-0.396339058876038	0.422152817249298	1.27507424354553
-0.408529043197632	0.41867533326149	1.30708110332489
-0.417962670326233	0.427274972200394	1.27472054958344
-0.434175461530685	0.414889276027679	1.24991512298584
-0.433917045593262	0.455216556787491	1.144202709198
-0.40824493765831	0.490581810474396	0.94024008512497
-0.418915331363678	0.546788811683655	0.652457475662231
-0.414817214012146	0.676049947738647	0.208183407783508
-0.398641794919968	0.800249993801117	-0.115449547767639
-0.316774487495422	0.951580047607422	-0.415408104658127
-0.252644747495651	1.07435166835785	-0.665866851806641
-0.125346124172211	1.24952042102814	-0.845555245876312
-0.0202502533793449	1.39071393013	-0.887069702148438
0.0927415564656258	1.52390277385712	-0.670799612998962
0.18011848628521	1.60053622722626	-0.284717828035355
0.20979942381382	1.58124113082886	0.203062996268272
0.211593091487885	1.48344433307648	0.701115071773529
0.197570309042931	1.37666356563568	1.3326427936554
0.161773070693016	1.17532408237457	1.90716123580933
0.04147794470191	0.93473744392395	2.39624714851379
-0.0314150676131248	0.763381361961365	2.58030319213867
-0.0796330720186234	0.656589984893799	2.60312151908875
-0.0860573947429657	0.647542715072632	2.61917018890381
-0.081839956343174	0.6391721367836	2.66320323944092
-0.121121071279049	0.619851291179657	2.67809915542603
-0.132153257727623	0.621843159198761	2.65440273284912
-0.127315744757652	0.617596387863159	2.6541748046875
-0.108651198446751	0.63392835855484	2.65744686126709
-0.119883216917515	0.650421738624573	2.67791819572449
-0.133404597640038	0.625733256340027	2.70151710510254
-0.187021747231483	0.573893368244171	2.707279920578
-0.237681612372398	0.507388412952423	2.67444109916687
-0.30703341960907	0.425064593553543	2.49713015556335
-0.361657679080963	0.383494734764099	2.25616192817688
-0.394835829734802	0.394302427768707	1.95543003082275
-0.440480470657349	0.379613965749741	1.51850652694702
-0.434728294610977	0.433808028697968	1.18283569812775
-0.457365453243256	0.479649007320404	0.986978232860565
-0.466139256954193	0.513769507408142	0.886025011539459
-0.466627836227417	0.551616311073303	0.740424811840057
-0.483206987380981	0.645382463932037	0.464205056428909
-0.467169582843781	0.783363819122314	0.0150150759145618
-0.403418630361557	0.969391942024231	-0.411099523305893
-0.324834108352661	1.16243577003479	-0.780940473079681
-0.251894295215607	1.3511768579483	-0.985034048557282
-0.128603264689446	1.51815867424011	-1.05324029922485
-0.0299778990447521	1.61522710323334	-0.954483449459076
0.0521337240934372	1.67820084095001	-0.766332030296326
0.0934878960251808	1.69529139995575	-0.563107073307037
0.137363985180855	1.72034108638763	-0.38713926076889
0.148595422506332	1.71722233295441	-0.0553770661354065
0.180694788694382	1.69415760040283	0.335310816764832
0.149168208241463	1.6016138792038	0.964815199375153
0.0908268764615059	1.40600073337555	1.75296258926392
-0.0195869095623493	1.08666718006134	2.51284313201904
-0.176877990365028	0.745837330818176	2.89436602592468
-0.357267200946808	0.534470796585083	2.79875731468201
-0.551318109035492	0.403952986001968	2.27422261238098
-0.599003612995148	0.453422278165817	1.80434930324554
-0.630375981330872	0.522891640663147	1.46193742752075
-0.620575785636902	0.521702885627747	1.28173863887787
-0.613531947135925	0.506277918815613	1.39411687850952
-0.647568225860596	0.473973959684372	1.608473777771
-0.604909479618073	0.4719517827034	1.92152869701386
-0.571442544460297	0.460943043231964	2.27359199523926
-0.525443732738495	0.484276741743088	2.5250506401062
-0.488779783248901	0.488642603158951	2.63157677650452
-0.534360826015472	0.462127149105072	2.51702976226807
-0.588782727718353	0.469833731651306	2.27443361282349
-0.639956295490265	0.507625699043274	1.76912546157837
-0.665361285209656	0.619667708873749	0.986960172653198
-0.659397602081299	0.831352174282074	0.191413104534149
-0.538173615932465	1.14334166049957	-0.534755170345306
-0.409599244594574	1.4004111289978	-0.913075566291809
-0.27948459982872	1.5861154794693	-1.10007834434509
-0.197197660803795	1.70433044433594	-1.08900594711304
-0.117339111864567	1.76109743118286	-0.993423283100128
-0.0863683149218559	1.81783831119537	-0.923895597457886
-0.0624898858368397	1.8562638759613	-0.843954503536224
-0.0253625251352787	1.88707423210144	-0.690488159656525
-0.0108031444251537	1.88956034183502	-0.483000099658966
-0.0273572113364935	1.91471755504608	-0.204141527414322
0.0219104681164026	1.90220201015472	0.336821049451828
-0.0118353124707937	1.81661927700043	0.915065348148346
-0.0157230962067842	1.74352633953094	1.29350316524506
-0.0694255903363228	1.61751925945282	1.55200517177582
-0.0565302111208439	1.56258058547974	1.82540786266327
-0.100671678781509	1.43178236484528	2.16616821289062
-0.195775106549263	1.29012596607208	2.55946445465088
-0.301428526639938	1.08010733127594	2.85657382011414
-0.400645971298218	0.89559406042099	3.00635457038879
-0.505037486553192	0.754514157772064	3.00647115707397
-0.571270763874054	0.674501180648804	2.88176560401917
-0.600901365280151	0.607185065746307	2.77084994316101
-0.661298751831055	0.590730249881744	2.66557002067566
-0.651425004005432	0.600961744785309	2.640784740448
-0.674103558063507	0.630035936832428	2.661785364151
-0.634255528450012	0.687529802322388	2.76366543769836
-0.637049794197083	0.691396534442902	2.83938336372375
-0.596639513969421	0.74776703119278	2.87563180923462
-0.614367127418518	0.76344096660614	2.84794139862061
-0.662854015827179	0.701186120510101	2.71371245384216
-0.771140456199646	0.650876402854919	2.34712624549866
-0.831205308437347	0.698097884654999	1.57266843318939
-0.816090226173401	0.891920387744904	0.79669600725174
-0.782995462417603	1.11770057678223	0.132365167140961
-0.744777977466583	1.63405704498291	-0.29801994562149
-0.672608554363251	1.48497009277344	-0.623421490192413
-0.583962142467499	1.63414120674133	-0.792498588562012
-0.486047506332397	1.80783367156982	-0.877990007400513
-0.40805971622467	1.89296281337738	-0.863719582557678
-0.338313370943069	1.92252099514008	-0.833128154277802
-0.33686164021492	1.95155203342438	-0.779116332530975
-0.246490493416786	1.96784687042236	-0.692465364933014
-0.175417423248291	1.99814581871033	-0.517891943454742
-0.0670562386512756	1.96369349956512	-0.285048633813858
0.0425498485565186	1.88852548599243	0.139008074998856
0.107146561145782	1.75722575187683	0.52704781293869
0.179529398679733	1.64095938205719	0.697844982147217
0.234833300113678	1.48976600170136	0.828279256820679
0.272631645202637	1.35959875583649	0.921007513999939
0.277726948261261	1.21370875835419	1.04397416114807
0.325618237257004	1.09501075744629	1.13472163677216
0.298313736915588	0.953769326210022	1.17515826225281
0.268997520208359	0.848398387432098	1.26975500583649
0.240903407335281	0.744280159473419	1.36856400966644
0.180829793214798	0.64029186964035	1.52318572998047
0.130910456180573	0.562586545944214	1.63012611865997
0.0823979154229164	0.51288229227066	1.7083615064621
0.0516392588615418	0.503361523151398	1.83688950538635
0.00753522990271449	0.462571293115616	1.96478652954102
0.0299466922879219	0.469085574150085	2.05063056945801
-0.0330918990075588	0.46658182144165	2.17648315429687
-0.055106483399868	0.489906251430512	2.30444169044495
-0.107579909265041	0.493529856204987	2.42545795440674
-0.136854022741318	0.538448572158814	2.57937216758728
-0.193829476833344	0.607632756233215	2.68324661254883
-0.232671067118645	0.687791645526886	2.80612969398499
-0.280636608600616	0.743328869342804	2.8710925579071
-0.391997754573822	0.87402069568634	2.95465612411499
-0.412805497646332	1.00712192058563	2.91097712516785
-0.473375350236893	1.13704478740692	2.84507274627686
-0.515921175479889	1.27567720413208	2.68979668617249
-0.533014059066772	1.38116276264191	2.49485373497009
-0.554681539535522	1.50540363788605	2.33572578430176
-0.595833003520966	1.60815632343292	2.13773036003113
-0.64378559589386	1.71419966220856	1.86447441577911
-0.664171397686005	1.79618096351624	1.58706641197205
-0.698359549045563	1.85511469841003	1.25196886062622
-0.695581614971161	1.92788290977478	0.979131400585175
-0.730765700340271	1.93866014480591	0.715583741664887
-0.746606826782227	1.95744800567627	0.536603033542633
-0.779800295829773	1.94223129749298	0.43422257900238
-0.821309387683868	1.89654231071472	0.406545758247376
-0.848949193954468	1.86834681034088	0.497905790805817
-0.879019975662231	1.82417035102844	0.623680770397186
-0.951572954654694	1.71145391464233	0.793229579925537
-1.00730752944946	1.52955889701843	1.06631374359131
-1.00084280967712	1.40992140769959	1.27611088752747
-0.990403354167938	1.22893249988556	1.45171523094177
-0.949967324733734	1.04994475841522	1.74702787399292
-0.88596498966217	0.857840776443481	2.01552820205688
-0.78294575214386	0.70377516746521	2.25338459014893
-0.649897813796997	0.594812095165253	2.47813844680786
-0.531524956226349	0.558968722820282	2.58354473114014
-0.467492818832397	0.499562591314316	2.62047505378723
-0.382685631513596	0.479151099920273	2.62482690811157
-0.335765779018402	0.482028871774673	2.99469780921936
-0.231239125132561	0.479300677776337	2.6143217086792
-0.183465346693993	0.510272145271301	2.57042670249939
-0.143190085887909	0.496279150247574	2.54562592506409
-0.138827711343765	0.472274392843246	2.4913010597229
-0.0796284005045891	0.502699911594391	2.43399405479431
-0.0575600489974022	0.513734459877014	2.38006472587585
-0.0511696115136147	0.509613990783691	2.32270765304565
-0.049205843359232	0.489584803581238	2.3084237575531
-0.0790094509720802	0.453949451446533	2.27869033813477
-0.088925875723362	0.441350936889648	2.22218990325928
-0.0888294577598572	0.436106115579605	2.19795894622803
-0.0796640291810036	0.433364987373352	2.08768486976624
-0.0343308970332146	0.427266836166382	2.01695775985718
0.0434569045901299	0.484926730394363	1.89585089683533
0.114292100071907	0.570974588394165	1.75929617881775
0.184138417243958	0.648983895778656	1.64992153644562
0.177029117941856	0.743822038173676	1.67701148986816
0.20013901591301	0.78635048866272	1.7384340763092
0.169011563062668	0.838030159473419	1.89098942279816
0.145510092377663	0.829237759113312	2.08190298080444
0.0987772047519684	0.824308395385742	2.27540135383606
-0.012437297962606	0.756058216094971	2.4909451007843
-0.0430655851960182	0.754460215568543	2.63655042648315
-0.101886704564095	0.72260046005249	2.71666359901428
-0.128475859761238	0.743694663047791	2.7906641960144
-0.116560019552708	0.76578688621521	2.77143502235413
-0.13230636715889	0.783960103988647	2.76075029373169
-0.14177218079567	0.837718069553375	2.7638726234436
-0.167265459895134	0.888145923614502	2.81345748901367
-0.244881451129913	0.941276252269745	2.86566519737244
-0.344936400651932	0.986246347427368	2.91903924942017
-0.445355445146561	1.06875729560852	2.9095299243927
-0.534471750259399	1.14423930644989	2.83957433700562
-0.611963331699371	1.19922232627869	2.74629092216492
-0.678844690322876	1.24037742614746	2.64111518859863
-0.733821272850037	1.2716326713562	2.52396607398987
-0.769597947597504	1.36603248119354	2.34855175018311
-0.793337285518646	1.45711827278137	2.17967319488525
-0.803918898105621	1.57175552845001	1.93872582912445
-0.807536125183106	1.69544804096222	1.67171883583069
-0.736769258975983	1.77069401741028	1.57657098770142
-0.660586297512054	1.76393532752991	1.61268317699432
-0.597399294376373	1.77919781208038	1.6393826007843
-0.540407419204712	1.80989801883698	1.53797245025635
-0.505972027778626	1.84971797466278	1.44907653331757
-0.516495704650879	1.85819828510284	1.46526408195496
-0.53721696138382	1.80943274497986	1.6205358505249
-0.573291182518005	1.71301198005676	1.91511499881744
-0.635333240032196	1.58759760856628	2.12982225418091
-0.652711391448975	1.52417290210724	2.23934173583984
-0.643459439277649	1.53706920146942	2.22313547134399
-0.623342633247376	1.56689870357513	2.15639543533325
-0.661809623241425	1.57310092449188	2.09983849525452
-0.68098384141922	1.58350646495819	2.07652068138123
-0.719533145427704	1.58693027496338	2.05278253555298
-0.757737100124359	1.58665549755096	1.94203948974609
-0.809819519519806	1.63935101032257	1.74764335155487
-0.829011857509613	1.68905067443848	1.54018700122833
-0.789513349533081	1.78367245197296	1.32531201839447
-0.759263098239899	1.85181975364685	1.19800865650177
-0.686998903751373	1.8974632024765	1.1642290353775
-0.653415024280548	1.88902592658997	1.17254865169525
-0.56133383512497	1.88641953468323	1.30482697486877
-0.412706196308136	1.82563030719757	1.61132943630219
-0.283877968788147	1.59182679653168	2.16481971740723
-0.230368316173553	1.35214114189148	2.48252749443054
-0.192834123969078	1.10830247402191	2.70549964904785
-0.142260774970055	0.961665511131287	2.74915361404419
-0.101009465754032	0.842248797416687	2.76607418060303
-0.047465942800045	0.794408977031708	2.70222544670105
-0.00930404383689165	0.776782751083374	2.60765910148621
0.0323148965835571	0.80591094493866	2.42573499679565
0.107709392905235	0.849338173866272	2.22350788116455
0.172542244195938	0.917189657688141	2.04881811141968
0.211653873324394	0.935787081718445	1.86848795413971
0.234612986445427	0.945908606052399	1.68615424633026
0.271774888038635	0.976511716842651	1.52869606018066
0.282428860664368	0.954968810081482	1.4398136138916
0.28610035777092	0.961505115032196	1.42106139659882
0.274432957172394	0.935507655143738	1.41176795959473
0.265162974596024	0.873645544052124	1.34116351604462
0.286647439002991	0.892386615276337	1.37423551082611
0.287759065628052	0.885922610759735	1.3043178319931
0.30377659201622	0.889149963855743	1.28638088703156
0.274096310138702	0.865449249744415	1.26943123340607
0.287881791591644	0.871419966220856	1.26158022880554
0.302124917507172	0.87462055683136	1.27653706073761
0.295450508594513	0.876267373561859	1.28542542457581
0.316648602485657	0.849742591381073	1.31726121902466
0.293837994337082	0.83355325460434	1.33416521549225
0.285084068775177	0.844734907150269	1.31459653377533
0.288511872291565	0.852502346038818	1.32722961902618
0.27824592590332	0.851728558540344	1.32062005996704
0.272205024957657	0.844024360179901	1.32808637619019
0.282592505216599	0.863521635532379	1.31179714202881
0.280216097831726	0.866365551948547	1.29621732234955
0.289849102497101	0.881942391395569	1.26999747753143
0.295018583536148	0.86432820558548	1.27836215496063
0.276000440120697	0.867947101593018	1.28786659240723
0.289188057184219	0.868662536144257	1.2686562538147
0.309111505746841	0.903529942035675	1.28462934494019
0.298662662506104	0.913348615169525	1.2979553937912
0.296887665987015	0.886884570121765	1.27532780170441
0.28476083278656	0.89143180847168	1.2973165512085
0.30055159330368	0.89198100566864	1.28653275966644
0.290808767080307	0.895124137401581	1.29414427280426
0.314376264810562	0.913896977901459	1.28860187530518
0.28324419260025	0.882150411605835	1.30741310119629
0.298269867897034	0.917354464530945	1.30081236362457
0.307321339845657	0.918315351009369	1.27325248718262
0.343475610017776	0.928433418273926	1.2699601650238
0.34087011218071	0.929936468601227	1.2601021528244
0.287147730588913	0.894142389297485	1.25011909008026
0.300963044166565	0.921407043933868	1.24646282196045
0.314900517463684	0.928717374801636	1.23432016372681
0.325904607772827	0.942772448062897	1.24084091186523
0.286719888448715	0.918206632137299	1.23150599002838
0.328666150569916	0.978612244129181	1.23485732078552
0.328579068183899	1.02263796329498	1.21614956855774
0.323114395141602	1.11503195762634	1.15901684761047
0.301403135061264	1.24698746204376	1.07687890529633
0.290128439664841	1.3493732213974	0.91873687505722
0.279833883047104	1.4705982208252	0.693438231945038
0.245990499854088	1.51822292804718	0.533796489238739
0.250432342290878	1.58114171028137	0.382144838571548
0.232544586062431	1.6117285490036	0.284518301486969
0.189876556396484	1.61694073677063	0.193947285413742
0.197799980640411	1.67785596847534	0.177621752023697
0.174980580806732	1.67246723175049	0.154549270868301
0.184409573674202	1.71067190170288	0.135383293032646
0.180269315838814	1.71904349327087	0.0899197980761528
0.169835641980171	1.73174250125885	0.0433312803506851
0.162689536809921	1.74418330192566	0.020823935046792
0.145770192146301	1.73302137851715	0.0359847173094749
0.134944334626198	1.73203361034393	0.0964382365345955
0.143110916018486	1.74213647842407	0.131642788648605
0.151508942246437	1.7522429227829	0.162556856870651
0.149758487939835	1.74429547786713	0.175512447953224
0.140384435653687	1.75135326385498	0.200205028057098
0.128030255436897	1.72462630271912	0.402034968137741
0.134813442826271	1.69119668006897	0.70846688747406
0.132090464234352	1.59641706943512	1.17393147945404
0.114905759692192	1.41439139842987	1.66471183300018
0.0548239387571812	1.14797759056091	2.16797065734863
0.0642932653427124	0.948252260684967	2.38220548629761
0.0494089908897877	0.799588322639465	2.45484733581543
0.0676562115550041	0.736294209957123	2.38428449630737
0.097039595246315	0.711333394050598	2.23456621170044
0.139861926436424	0.687297224998474	2.00429511070251
0.176648616790771	0.723449289798737	1.79121041297913
0.208044275641441	0.733185112476349	1.59418916702271
0.24915474653244	0.755824446678162	1.37238085269928
0.276808172464371	0.793688893318176	1.1854236125946
0.270426511764526	0.833297193050385	1.00588417053223
0.290172874927521	0.866000890731812	0.886380314826965
0.289130806922913	0.89417040348053	0.846388578414917
0.303966552019119	0.922993242740631	0.76565682888031
0.289832144975662	0.957443416118622	0.650710582733154
0.281525254249573	0.939314842224121	0.62695437669754
0.289569139480591	0.942934930324554	0.615123748779297
0.284285098314285	0.937813937664032	0.633951961994171
0.295506596565247	0.959895730018616	0.627594292163849
0.276766687631607	0.936773657798767	0.661434710025787
0.292880654335022	0.955741286277771	0.709039628505707
0.297032624483109	0.940683603286743	0.761659741401672
0.302358746528625	0.942719876766205	0.858368098735809
0.29015588760376	0.935024917125702	0.95172107219696
0.282396137714386	0.933878064155579	1.01202034950256
0.31423482298851	1.0295158624649	0.994351744651794
0.304124355316162	1.06063342094421	1.00615179538727
0.327873647212982	1.10203957557678	1.00051248073578
0.303773134946823	1.12337672710419	0.971695959568024
0.292157083749771	1.17720484733582	0.986336529254913
0.290108025074005	1.21348536014557	0.927822768688202
0.289697676897049	1.28322243690491	0.802062451839447
0.282732218503952	1.33053743839264	0.709524095058441
0.277358144521713	1.38847196102142	0.604027986526489
0.27478364109993	1.42217266559601	0.529861986637116
0.26201331615448	1.45911264419556	0.443362236022949
0.264431208372116	1.44989085197449	0.380520612001419
0.26312318444252	1.45943760871887	0.337762027978897
0.245269879698753	1.42038440704346	0.344520628452301
0.268120288848877	1.43482625484467	0.441721677780151
0.265714645385742	1.41966879367828	0.615905225276947
0.247770190238953	1.38647878170013	0.843715250492096
0.23333066701889	1.31692779064178	1.13139200210571
0.208771929144859	1.2451651096344	1.43955636024475
0.190018594264984	1.14509963989258	1.75609469413757
0.13916526734829	1.01635849475861	1.99306952953339
0.0838151797652245	0.867695808410645	2.27884149551392
0.0198140107095242	0.738650679588318	2.42092275619507
-0.0127429654821754	0.650923073291779	2.47140073776245
-0.022485813125968	0.588951230049133	2.43790340423584
-0.0458493493497372	0.526565492153168	2.34661936759949
-0.0568580850958824	0.494199633598328	2.24746346473694
-0.022251458838582	0.485983371734619	2.18013906478882
-0.00359043339267373	0.515893399715424	2.11204600334167
0.00876143388450146	0.520813286304474	2.04722142219543
0.0411226041615009	0.528815627098084	1.94714367389679
0.0684890523552895	0.536947727203369	1.88297426700592
0.0771851688623428	0.564648449420929	1.83250832557678
0.0852272287011147	0.575057625770569	1.78499519824982
0.121327169239521	0.58949476480484	1.6932612657547
0.104502521455288	0.579876899719238	1.64850842952728
0.124684281647205	0.610941886901856	1.60743296146393
0.136285662651062	0.603814959526062	1.56979179382324
0.13815239071846	0.627708673477173	1.56532609462738
0.147583767771721	0.62044620513916	1.59625518321991
0.135448709130287	0.597116053104401	1.59268021583557
0.139655604958534	0.6063352227211	1.56105422973633
0.117836810648441	0.602298974990845	1.51795840263367
0.120615907013416	0.574566662311554	1.41238272190094
0.0866579636931419	0.555326461791992	1.32859778404236
0.0959612876176834	0.561948239803314	1.20544409751892
0.0727538242936134	0.581035375595093	1.04965448379517
0.068306140601635	0.600306034088135	0.94140899181366
0.0712091252207756	0.634089708328247	0.765701830387116
0.126541063189507	0.666512906551361	0.580219686031342
0.135619401931763	0.707797467708588	0.451237738132477
0.166266962885857	0.769264578819275	0.323940277099609
0.178527042269707	0.776754915714264	0.286209106445312
0.181791216135025	0.833998680114746	0.247313156723976
0.200360491871834	0.866478979587555	0.206313729286194
0.217050135135651	0.914978206157684	0.182462200522423
0.242507189512253	0.93882018327713	0.221018597483635
0.243774265050888	0.941103219985962	0.307947307825088
0.279763162136078	0.984342277050018	0.355880081653595
0.300288587808609	0.9953533411026	0.330553948879242
0.302765518426895	1.02326822280884	0.310352921485901
0.285593628883362	1.02413785457611	0.316922158002853
0.273451656103134	1.00481903553009	0.309053063392639
0.272386163473129	1.00223112106323	0.303411930799484
0.301167637109756	0.97798216342926	0.333429485559463
0.274199187755585	0.968621611595154	0.363353490829468
0.250074088573456	0.92731237411499	0.347617655992508
0.252781867980957	0.884663581848145	0.316268742084503
0.219108581542969	0.829218924045563	0.295365154743195
0.174935594201088	0.818463861942291	0.222047224640846
0.13726170361042	0.818094491958618	0.129819303750992
0.113980576395988	0.823602378368378	0.0468251630663872
0.130814015865326	0.84556382894516	-0.0068820402957499
0.141611218452454	0.901276171207428	-0.0989241302013397
0.133354052901268	0.948777079582214	-0.224201798439026
0.0932962000370026	0.993941187858582	-0.350716054439545
0.0991640985012054	1.0564706325531	-0.415436714887619
0.0796351581811905	1.0549384355545	-0.447247952222824
0.0169864073395729	1.04647326469421	-0.519641220569611
-0.0401596650481224	1.03891515731812	-0.553807258605957
-0.126467123627663	1.01969933509827	-0.627816021442413
-0.205536633729935	1.09471750259399	-0.713966190814972
-0.321543633937836	1.16629207134247	-0.789679229259491
-0.420548349618912	1.18998467922211	-0.760522603988647
-0.530985534191132	1.17410504817963	-0.673584580421448
-0.587483465671539	1.19659471511841	-0.555290639400482
-0.712491095066071	1.20919322967529	-0.399266600608826
-0.80267870426178	1.20658421516418	-0.222122848033905
-0.845142781734467	1.25212490558624	-0.050429679453373
-0.939027011394501	1.26314067840576	0.0954703837633133
-0.935636520385742	1.31328916549683	0.174974769353867
-0.946706116199493	1.35766196250916	0.21814951300621
-0.977023422718048	1.39886105060577	0.310801774263382
-0.984653353691101	1.44431519508362	0.373766124248505
-0.996114611625671	1.45946776866913	0.399958968162537
-1.01241838932037	1.5643492937088	0.36044055223465
-0.945433139801025	1.65177869796753	0.265436470508575
-0.916717708110809	1.74778008460999	0.192300289869308
-0.873454749584198	1.78999745845795	0.050177562981844
-0.825565874576569	1.84915578365326	-0.0551620088517666
-0.78798907995224	1.89560699462891	-0.181325107812881
-0.729910135269165	1.92231202125549	-0.298463553190231
-0.656403958797455	1.96941387653351	-0.385083109140396
-0.576465964317322	1.98287427425385	-0.469044536352158
-0.476588100194931	2.02184081077576	-0.5270134806633
-0.412391126155853	2.01212120056152	-0.604384660720825
-0.370413839817047	1.99547970294952	-0.657786250114441
-0.341282427310944	1.96485769748688	-0.711910665035248
-0.28078681230545	1.99242281913757	-0.733615517616272
-0.224572315812111	1.97075259685516	-0.706420302391052
-0.20687273144722	1.97112560272217	-0.695905983448029
-0.136554166674614	1.95553338527679	-0.710808396339417
-0.106803148984909	1.8794538974762	-0.726278901100159
-0.0330924764275551	1.84210598468781	-0.667102992534637
0.0655580088496208	1.78878283500671	-0.600567638874054
0.104935571551323	1.73558485507965	-0.452593922615051
0.156936168670654	1.70654785633087	-0.169857501983643
0.169038444757462	1.65818095207214	0.139216139912605
0.222389116883278	1.59768652915955	0.262265831232071
0.26392737030983	1.48269891738892	0.523044288158417
0.284842044115067	1.36873364448547	0.797697186470032
0.276373356580734	1.21677350997925	0.952750325202942
0.30015242099762	1.19337320327759	0.820424258708954
0.314634025096893	1.15059459209442	0.655839204788208
0.299854934215546	1.09728920459747	0.508462190628052
0.268832117319107	1.04352986812592	0.351923912763596
0.201733961701393	0.97286468744278	0.232930347323418
0.201387941837311	0.929140686988831	0.174641042947769
0.150886490941048	0.854511737823486	0.176055997610092
0.100428864359856	0.793153524398804	0.190253540873528
0.0447813011705875	0.722766518592835	0.197617083787918
0.0608327351510525	0.718176245689392	0.131216138601303
0.0617257840931416	0.736911416053772	0.0940156504511833
0.0679542869329453	0.775478482246399	0.0208122637122869
0.107597775757313	0.852307200431824	-0.0642116889357567
0.143227204680443	0.953556776046753	-0.214735373854637
0.165213197469711	1.05007219314575	-0.333173662424088
0.157258778810501	1.17760813236237	-0.495859831571579
0.161990538239479	1.31634449958801	-0.623574078083038
0.143251180648804	1.45204877853394	-0.680204093456268
0.150209113955498	1.62178349494934	-0.572818875312805
0.120572648942471	1.78355431556702	-0.315223336219788
0.0917590633034706	1.8276584148407	0.0568876713514328
-0.0112444162368774	1.85118961334229	0.555485010147095
-0.0918650925159454	1.84985947608948	0.977456331253052
-0.165724277496338	1.87013053894043	1.22214663028717
-0.294235050678253	1.86817133426666	1.40265023708344
-0.403575837612152	1.88707756996155	1.43092155456543
-0.480281829833984	1.88991904258728	1.38058841228485
-0.521329700946808	1.9392853975296	1.21132016181946
-0.561305224895477	1.9872282743454	1.05198705196381
-0.557943463325501	2.00600099563599	0.969021499156952
-0.588508605957031	1.9704567193985	0.925063610076904